	S1 (SBS1 - 0.99)	S2 (SBS2 - 0.99)	S3 (SBS3 - 0.97)	S4 (SBS4 - 0.98)	S5 (SBS5 - 0.98)	S6 (SBS7a - 1.00)	S7 (SBS7b - 0.96)	S8 (SBS8 - 0.92)	S9 (SBS9 - 0.94)	S10 (SBS10a - 1.00)	S11 (SBS10d - 0.98)	S12 (SBS11 - 0.99)	S13 (SBS13 - 0.99)	S14 (SBS14 - 0.98)	S15 (SBS15 - 0.97)	S16 (SBS17 - 0.99)	S17 (SBS18 - 0.97)	S18 (SBS19 - 0.95)	S19 (SBS20 - 0.98)	S20 (SBS22 - 0.99)	S21 (SBS23 - 0.94)	S22 (SBS26 - 0.94)	S23 (SBS28 - 0.96)	S24 (SBS31 - 0.98)	S25 (SBS32 - 0.94)	S26 (SBS44 - 0.97)	S27 (SBS88 - 0.92)	S28 (SBS92 - 0.95)	S29 (SBS97 - 0.95)
A[C>A]A	0.0152794103149911	0.0	0.0223267874492627	0.0618753202326139	0.0116897747358467	0.0007130167101361	0.0052751057236694	0.0183576027384943	0.0088091057727916	0.0018904695553292	0.0101275635001126	0.0002233053211983	0.0027386895299192	0.0007273915883347	0.0	0.003672211368168	0.0404289531006481	0.0	0.0007653810720885	0.0058562368283015	0.0	0.0	0.0	0.0047523819041469	0.0245286085192264	0.0	0.0203530315748368	0.0228417860859159	0.0
A[C>A]C	0.0093261434098475	0.0	0.0215457611189948	0.0344337830659488	0.0098284211521469	0.0002234174006326	0.0009176697616417	0.023757727615726	0.0069967898817056	0.0027363669673057	0.0085216945271379	4.21156918327846e-05	0.0017048029595706	0.0041707941003355	0.0	0.0013668880308374	0.0169910709994867	0.0002270306956885	0.0033722549520322	2.35382655333662e-05	0.0	0.0	0.0001511999274865	0.0205930162098683	0.0091207522340728	0.0	0.0088684954215314	0.0034257907055395	0.0
A[C>A]G	0.0023203826353519	0.0	0.0032783698228768	0.0151041689677208	0.001754651785908	1.28736139147943e-05	0.0003783429105411	0.0027784324789373	0.0004776022074111	0.000357172417119	0.0010486493798327	1.67423268925587e-05	0.0002814038460033	0.0001686000685981	0.0	0.0	0.0011936091357553	0.0	0.0002604226164768	0.0	0.0	0.0	0.0	0.0001378196177364	0.0026003482380979	0.0	0.0018159210923918	0.0050328131496431	0.0
A[C>A]T	0.0116334255607119	0.0	0.0221469257109349	0.0436912710042538	0.0063546848462614	0.0007869028341247	0.0016233443842507	0.0240053050293855	0.0067730439834046	0.0190973788189197	0.0211137408447529	0.0	0.0015034197145165	0.0278120705759892	0.0001773767747064	0.0019063963156114	0.0271020943685655	0.0003847773046185	0.0252497608171007	0.0	5.973870407804e-05	0.0	0.0003250220607855	0.00581357247791	0.0103480140661412	0.0019305551726688	0.0113063611810041	0.0065252401035957	0.0
A[C>G]A	0.0071820664195168	0.0	0.01879338023438	0.0110778052836636	0.0102552283433138	0.0002596026961577	0.0004211602164707	0.0150183250784415	0.0050781602353191	0.0006769409906405	0.0003915501766845	0.0001017250230641	0.0059243006106787	0.0005546791509686	0.0	0.0014642729918265	0.0052734886420509	0.0	7.84653384889166e-06	5.63922710203017e-05	0.0015781305606581	0.0	0.0	0.0022518515853302	3.84885946927011e-05	0.0	0.0034806006837593	0.0173753285932002	0.0014094671203999
A[C>G]C	0.0046199498640995	0.0	0.0111423268779244	0.0039005169970266	0.0055366377298584	0.0002021258989237	0.000220843437775	0.0079422438404397	0.0027536171417789	0.0002560990175755	0.0	8.3960628029667e-05	0.0017322378682717	0.0001844639613808	0.0	0.0009227756420131	0.0046646357914878	0.0004819205548154	0.0002520093130436	8.2203827892417e-05	0.0	0.0	0.0001904126626925	0.0043280936121633	0.0008538841218652	0.0	0.0	0.004255176465761	0.0
A[C>G]G	0.0016539211874965	0.0	0.0051280471568837	0.0020593062496952	0.0014345463925329	0.0001500561414246	0.0006024016158688	0.0029797022596395	2.66313874721506e-05	7.27126553763827e-06	0.0	2.460228413918e-05	0.0005067268699571	8.33531912469334e-06	0.0	0.000237223123144	0.0013811108908471	0.0	2.43019517174034e-05	3.20517891694138e-05	0.0	0.0	0.0	0.0	0.0005265599354752	0.0	0.0005347314249706	0.0041468492404879	0.0
A[C>G]T	0.0064409627301294	0.0	0.0208732928017164	0.006689420918356	0.01001811323711	0.0004677816442951	0.0007786891796514	0.0141037157391213	0.0056942955130628	0.0003026681320553	0.0	0.0001718792796997	0.0057852249933257	0.0002078550308856	0.0	0.0022702261404869	0.010762243932713	0.0015135869187783	0.0004885265442919	0.0	0.0046360019070669	0.0	4.51070752185884e-05	0.0037444218774903	0.0	0.001284683741707	0.0	0.0126008358237689	0.0
A[C>T]A	0.0228222392918994	0.0	0.0219687326565152	0.0131400466959881	0.0400250299271991	0.0011082515161263	0.0001546585854068	0.0194903280574778	0.0083209401610373	0.0048211472560649	0.0014772590883087	0.027171322713719	0.0	0.0226094677080178	0.0362439773133918	0.0039264576112615	0.0096500790269933	0.017806646371671	0.047776975060447	0.0	0.0241478120039478	0.0053584646230168	0.0	0.0015558682293425	0.0965263826839668	0.055539717255911	0.0146657854060465	0.0232370008080015	0.0
A[C>T]C	0.0116340137298174	0.0	0.0086747981401956	0.0049499913161803	0.0206408699950396	0.0211752291468249	0.0206318078303693	0.0070366061711403	0.006081765194229	0.0053882320453576	0.0	0.116410286301918	0.0	0.0214106097283205	0.0112962898143647	0.0017727841292303	0.0039290996975727	0.0086644674569723	0.0303499849208888	0.0	0.0281559411531435	0.0	0.0019575086995317	0.0034299035797803	0.100610132592244	0.016930299872103	0.0082389919978333	0.0068269374772399	0.0
A[C>T]G	0.134074111010824	0.0	0.0047515379370823	0.0023775003154248	0.0049825436514866	9.85570431785138e-05	0.0	0.0077343344557449	0.0020143960487568	0.0127773166041038	0.0	0.001384724250593	0.0040138996872988	0.0732715706821896	0.0076571926818936	0.0038708484892494	0.0032562977269147	0.0038055131990695	0.0197408302204404	0.0018087351823251	0.0	0.0116582074380676	0.0	0.0	0.0054165223095477	0.040367563813197	0.006364792061435	0.0045174895844118	0.0
A[C>T]T	0.0165235646315144	0.0	0.0203038141195721	0.0074263143363268	0.0252527588107033	0.0100487128388338	0.0113701191035791	0.0206668960376765	0.007131339025613	0.0086415776879495	0.0067225658528568	0.0896236404155868	0.0	0.0246777829900902	0.007503271117977	0.0021817214219053	0.0085257309420629	0.0263390864732836	0.028228500728117	0.0	0.0375945721936452	0.0052638685272816	0.0013579190648187	0.0044035994540402	0.187230459802164	0.0215226856801113	0.01219058440804	0.0131487152001352	0.0
A[T>A]A	0.0067118706516182	0.0	0.0098621400982524	0.0066420726476323	0.0073979913135581	0.0034046837943275	0.0096319162838227	0.007095459366033	0.0200024492304739	0.0013081623830133	0.0046459637076021	0.0002692389216198	0.0	0.0011937525913555	0.0041646226589922	0.0021632170482277	0.0102130035443129	0.0256846382091542	0.0019918298773816	0.0604859631645761	0.0	0.0014683813425397	0.0	0.0095908474286091	0.0	0.0079169687922162	0.0255659075330793	0.012853103595943	0.001493383235259
A[T>A]C	0.0049409029374512	0.0	0.0073428601264405	0.0020471957519901	0.0072794337604562	0.0008004877103763	0.0014340571934191	0.006722908779635	0.0069179690347588	0.0006822168903582	0.0072651929221329	0.000310249791981	0.0010426217963349	0.0011333003494669	0.0129779652490369	0.0017063396412022	0.0048286749363197	0.0066293893360133	0.0068407821021009	0.0	0.0043630173837433	0.0005929237804277	0.0007934519534414	0.0031760169200042	0.0	0.0043925273101119	0.0172179590344403	0.0	0.0145009019584987
A[T>A]G	0.0061363107842512	0.0	0.0107665409818579	0.0093623388984696	0.0089036722379521	0.0009486557606208	0.0026033056612129	0.0102444172162836	0.007066839429701	0.0002211610066341	0.0	0.0001707733096509	0.0007301391886471	0.0001977729787729	0.0	0.0011430941086406	0.0012277842968267	0.0134127130061278	0.0009978426015395	0.064280581665739	0.0	0.0	0.0	0.0001621552543289	0.0	0.0009483575839523	0.0050935602816669	0.0108658955149165	0.0
A[T>A]T	0.0124380161431664	0.0	0.0152138214953797	0.0045204684623828	0.0051691093152425	0.0085321784314605	0.0190697455914159	0.0155168568672579	0.0253820445487811	0.0068483798224264	0.0177531482537791	4.67400731405119e-05	0.0	0.0066204662090732	0.0166754361373116	0.0063630601466972	0.0169625375293367	0.0126376135392007	0.0180229341872438	0.015398294833041	0.0	2.3143857831976e-06	0.002451485641431	0.0001309391912522	0.0008641938683958	0.0297105188558689	0.0322029769446738	0.0136177045181748	0.0
A[T>C]A	0.01457108725579	0.0	0.01364441318397	0.006433434935697	0.049723037770934	0.000767015664187	0.0022484116666432	0.0157557947237215	0.0260265760634173	0.0084040392127342	0.0078676094661781	0.0005878886588145	0.0	0.0126197899994773	0.0126686737638496	0.0047543349101924	0.0049955234663944	0.003935334021162	0.0149192708849628	0.0214591460603646	0.0024260143461266	0.10394548206705	0.0251623983622532	0.0036555908948692	0.0009010731209445	0.0290053278200275	0.0548501066635675	0.0637823868225388	0.0206624326792705
A[T>C]C	0.0081168889687649	0.0	0.0082319997452734	0.0008913240226714	0.0141794833509864	0.0002350774659115	0.000621105958533	0.0116146857294283	0.0114940108027718	0.0045918325803194	0.0055413521770451	0.0	0.0	0.0064692721261695	0.0117241661841603	0.0038106159692533	0.0070945316242481	0.0072232451492426	0.0099103196880254	0.0012796518201753	0.0	0.0296795936262561	0.0139310625116259	0.0027008024822091	0.0	0.0080587391070619	0.0235568453564685	0.0084120989953069	0.0291204371619327
A[T>C]G	0.0128771552193459	0.0	0.0086486275721536	0.0039995007215668	0.0412817399900792	0.0004843841690521	0.0024647108091205	0.0117264027109663	0.013245679603471	0.0044762512672755	0.0129616066417964	0.0	0.0	0.0063217072414593	0.0098165389711143	0.0031787691298772	0.0	0.0117413036937194	0.0226880887728644	0.007090321307095	0.0	0.0526255673254246	0.0149409155350299	0.0023463384678772	5.01295259263746e-05	0.0334674647953887	0.0123375493292327	0.0379375978751926	0.0086203629389171
A[T>C]T	0.0151968475148426	0.0	0.0190760636069365	0.0020043070018243	0.0425265942976491	0.0019543795574957	0.0042107138677327	0.0170671130414482	0.0249650394532253	0.0077565233231928	0.0135215911816019	0.000676671781863	0.0	0.0062709984174627	0.0024060191591918	0.0060878917799369	0.0140819203310864	0.0176894143008643	0.0124732402655531	0.0	0.013358250814657	0.0400478860601541	0.0261296043655724	0.0047136095876293	0.000575545132871	0.0096136039419559	0.0893400044657255	0.0293741423080142	0.0078900661968694
A[T>G]A	0.0038712320302832	0.0	0.0062605791399529	0.0007537618683383	0.0040428125607745	0.000918083564075	0.0022233548791233	0.0052653341373832	0.0313576232633992	0.0034321112055325	0.010605966456682	0.0	0.0	0.0001100378899993	0.0	0.0033332261834605	0.0011583465864387	0.0027265564452665	0.0	0.0056567520044169	0.0	0.0	0.0121128291226688	0.0029602322296496	0.000636685068221	6.36960933778923e-05	0.0046715872465314	0.0037403132542161	0.0
A[T>G]C	0.0012543349734025	0.0	0.0025411815916297	2.97120109159206e-05	0.0026794007001027	0.0005388893778327	0.000640200884304	0.0018147878803193	0.0066501316194422	0.003519385867417	0.0019116300086147	0.0	0.000244919061824	0.001844846171457	0.0001553363553909	0.0041079672071269	0.0	0.0004475852241948	0.0015334105237029	0.0013425623099878	0.0	0.0011775845621517	0.0159390753996189	0.000961180395996	8.65517204194498e-05	0.0009137750723548	0.0015443459729793	0.0002736693846771	0.0036841103197918
A[T>G]G	0.0052833539725942	0.0	0.0085581867627791	0.0009601899367812	0.0086547013764382	0.0009467222522454	0.0013372623642499	0.0062033163906443	0.0060673175307786	0.0020150292671512	0.0023777793313448	0.0	0.0006285858983139	0.0006312241024404	0.0	0.0021327085212476	0.000853738712113	0.0020899446387379	0.0010238257297658	0.0049259864040888	0.0010888744223279	0.0	0.0082022345493179	0.0028844686352512	0.002169659193171	0.0	0.0032318469510903	0.00321211026087	0.0
A[T>G]T	0.0048311088841057	0.0	0.0061143550705839	0.0002121389101445	0.0054180801767565	0.0	0.0020853892601479	0.0061615002801549	0.018775986634878	0.0294752261270098	0.0121605703534813	0.0	0.0005227330673337	0.008105659151186	0.0003000820002511	0.0455564696675676	0.0	0.0	0.0103792974697455	0.0007309378504854	0.0	0.0010399484166919	0.112216482833106	0.0026148826147372	0.0006949313255751	0.0021446210160071	0.0037147875549676	0.0041527431829903	0.0119144829085568
C[C>A]A	0.0113677704692232	0.0	0.0232558803843744	0.0787242854102045	0.0068526265692894	0.0013558327541845	0.0039926490195251	0.0232311623353695	0.0094145009585159	0.004945931942468	0.013153923777119	0.0	0.0	0.0051066292954745	0.0051809361412566	0.0027059199661712	0.0450783451385877	0.0	0.018024033752311	0.004843780993838	0.003684614131026	0.0019431533159066	0.0007437580158784	0.0182618311887813	0.0066514834332037	0.0087534029304639	0.045438693679156	0.0109038243595514	0.0
C[C>A]C	0.00795071405802	0.0	0.0201089196108019	0.0687069525848571	0.0064850981546735	0.0003730497649688	0.0023864873795076	0.0216891489662133	0.0051537626763624	0.0020612077883632	0.0108591472763537	1.47392023566345e-05	0.0	0.0067305577605317	0.0128403463230384	0.0	0.0136688842212273	0.0001383070828357	0.0217541231849836	0.0021860567018469	0.0109627856554401	0.009400842151159	0.001041426273319	0.0184086788851961	0.0024482913380249	0.0199741894255763	0.0078949401196597	0.0030041707332692	0.0
C[C>A]G	0.001183273066755	0.0	0.0030791633424367	0.0167245633984162	0.003260332710302	0.000218048215303	0.000859997065785	0.0020307063147043	0.0001331183402985	0.0006440349387362	0.0015276085313453	0.0	0.0	0.0008138012198598	0.0021313870451127	0.0	0.0014858155406202	0.0	0.0033150580011256	0.0	0.0062869924748452	0.0	0.0	0.0	0.0006634861727504	0.0047153145279584	0.0027072738712604	0.0	0.0
C[C>A]T	0.0106998506671067	0.0	0.0230697692431838	0.0708708968032002	0.0055010704639278	0.0022194314937733	0.0068774167920852	0.0251376685678292	0.0137895316865359	0.0302326507223869	0.0220823193733248	0.0	0.0	0.075745788769905	0.0290546229696702	0.0014183253710264	0.0331783288765325	0.0029966533552526	0.158428485556325	0.0	0.0061229791482074	7.81698719526975e-05	0.0	0.0663621048310734	0.0	0.0598442014721993	0.0131233410853778	0.0058837118654141	0.0034264588986017
C[C>G]A	0.0035279881449805	0.0	0.0141343631225649	0.0085514433919819	0.0067933477927384	0.0002226440554785	0.0006500887175831	0.006322046560619	0.0017965696195501	7.59568111400191e-06	0.0	6.77537380224671e-05	0.006890134485281	2.03518483866881e-05	0.0	0.0010456116240649	0.0070984232103386	0.0	0.0	0.0010510698244992	0.0	0.0	0.0	0.001081607622318	0.0005519436502487	0.0	0.0001596015065342	0.0131208921470319	0.0
C[C>G]C	0.0031233658668578	0.0	0.0119131401399537	0.006094010151561	0.0095320272693922	0.0003829018184542	0.0014442911125178	0.0069101050550126	0.0016821478354898	6.80630970617162e-06	0.0	8.58506660098025e-05	0.0017675766780456	3.47442413992181e-05	0.0	0.0006909003699646	0.0050021826169367	0.0	5.30026938222179e-05	0.0011905320329979	0.0040626711025987	0.0001616347511863	0.0	0.0029097966697144	0.001172999318159	0.0	0.001116751612636	0.0069542379738615	0.0
C[C>G]G	0.001227710248947	0.0	0.0044159435800852	0.0024021483401644	0.0024541413492091	0.0002530912202853	0.0008633711932762	0.0021857346418047	0.0	0.0	0.0	6.81065141594696e-06	0.0006537642926439	1.9009856545156e-06	0.0	6.0337416832919e-05	0.002041421946588	0.0	9.77228149811913e-05	0.0	0.0001737028071687	0.0	0.0	0.0002155820943311	0.0002526252694751	0.0	9.75175202311001e-05	0.0033473928236685	0.0
C[C>G]T	0.0034704565265151	0.0	0.0191533294637909	0.0076026509825511	0.0099114114393182	0.0006072280837788	0.0019559305094612	0.0095168758402851	0.0028281958580399	1.70494508046291e-05	0.0	0.0001188545363848	0.0079872762904745	3.89315114780869e-05	0.0	0.001559358871425	0.0040473001467463	0.0010892998961323	3.34113504156644e-05	0.0007052867944349	0.0	0.0	6.87495661871059e-05	0.0075441044508125	0.0007170477117825	0.0	0.0005366222900595	0.0126530857825	0.0
C[C>T]A	0.018802290012539	0.0158304910412685	0.0120932776108087	0.0130178630102424	0.0194078714427799	0.0581960978436919	0.0748644931863968	0.0071293184003089	0.0074889027299131	0.0009354860211661	0.0	0.0240346548994618	0.0018223193782047	0.0031498510091662	0.0058721641001259	0.0031496652680861	0.0068946527850094	0.074933962465361	0.0128130665349399	0.0	0.0755243576803671	0.0	0.0016007149090854	0.0137555927085485	0.0287248619160148	0.0086562328981537	0.0124424668188257	0.0065940708484171	0.0
C[C>T]C	0.0173951273116439	0.0022700932455433	0.0083856925978435	0.0083370294618763	0.0196568423042939	0.0783617723045299	0.164182453013377	0.0043459494991409	0.0088805287399216	0.0018871347486384	0.0025517008675221	0.119157710478224	0.0	0.0104039084647922	0.0109130167982542	0.0025929273530362	0.0140540602267681	0.056250186758239	0.022342089290029	0.0011792614409503	0.109754404461425	0.0	0.0015231187849254	0.199628334496744	0.0567686349824797	0.0105337958914402	0.0058976490065207	0.0085754702520258	0.0
C[C>T]G	0.0737600916824194	0.0028734400237673	0.0035512643047136	0.0019005301847935	0.0029023357626853	0.0090869458965077	0.0181429301721787	0.0030519939990303	0.0	0.0058360433241923	0.0	0.0018562950855325	0.0032060145760477	0.030169237469651	0.0082909381420269	0.0025455110133325	0.0237403150324496	0.0124794888624517	0.0079551688061503	0.0019326157673212	0.0036046618919464	0.0	0.0	0.0056640152950142	0.0	0.0246478314517534	0.0116216899388124	0.0	0.0
C[C>T]T	0.0178738711912841	0.0067394370463247	0.0202604878615249	0.0146158735396844	0.0242687311199575	0.0685431651786383	0.123999118592186	0.0164964495826737	0.011096303052089	0.0033908644015473	0.004394133536564	0.0830278767624437	0.0	0.0114127827412763	0.0070375735499986	0.0029825284101761	0.0172196076109434	0.182989786340021	0.0214042868094518	0.0	0.159770352089073	0.0021351279717385	0.0030251996679386	0.131735569503772	0.0920880694909192	0.009326015547132	0.0128919212308433	0.0111005823038081	0.00030701616922
C[T>A]A	0.004419866303395	0.0	0.0111843639878079	0.0105141700268014	0.0031891981784409	0.0006301357756763	0.0021235040205162	0.0092583892128203	0.0076265771388608	0.0003223290620205	0.0024357980822529	0.0001225243914187	0.0007954198648334	0.0001133561172981	0.0	0.0025296986138768	0.0	0.0108577976160438	0.000415986522609	0.135133075757749	0.0032861373722188	0.0007155072056736	0.0002764782734091	0.0240697317421895	0.0001020624935838	0.0002695058593631	0.0013769179732902	0.0124817321240945	0.0
C[T>A]C	0.004841812687405	0.0	0.0143993892560548	0.0071384850510345	0.0049319942090387	0.001006583577318	0.0025246777459739	0.0156433202860671	0.0036212731608868	0.000669277848711	0.0025491084879058	9.06678564515371e-05	0.0001069604165371	0.0014992721594767	0.0043567074544137	0.010050138154999	0.0002765343140901	0.0105913423855701	0.0040545297043542	0.052560376595696	0.0068913582064708	0.0066296136229417	0.0009743078027408	0.0276996646917238	0.0	0.0015369797447861	0.0016386248905836	0.0034884946303657	0.0050342148287548
C[T>A]G	0.0050407471671018	0.0	0.0136551772307679	0.0201652232776016	0.0040665240713949	0.0003382567465921	0.0015227465289436	0.0138478472895145	0.0052140165761974	0.0005127898202296	0.0023868892956325	7.67776566188056e-05	0.0008447821221299	0.000192082592367	0.0	0.0034284180291371	0.0048683637503091	0.004672497969828	0.0010163620087066	0.157845948025848	0.0	0.0014059325281744	0.0002642515365147	0.0293866799179977	0.0006941647855397	0.0	0.0002685401211505	0.0159231731233793	0.0
C[T>A]T	0.0077579052671004	0.0	0.0217166307481318	0.0087294750488683	0.003319611486853	0.0027220361949172	0.0077462114043465	0.023302594428204	0.0068716919955021	0.0016520522059644	0.0033328477281485	0.0	0.0	0.0014318826286655	0.0	0.0288713681155232	0.0095276066929015	0.0162802618436945	0.0034947879818266	0.0581461739067446	0.0	0.0025172425208229	0.0013151843962559	0.055335472439894	0.0	0.0	0.0049608801222952	0.0111782713654181	0.0011245202551445
C[T>C]A	0.0088354389663342	0.0	0.0063988504354232	0.0033600548370647	0.0134444265217547	0.0012124022206246	0.0026427511301807	0.0107596866156965	0.0129999521181007	0.0015530953303963	0.0	0.0002539622253788	0.0	0.0025806543324814	0.0104723533506526	0.0074397466980532	0.0033578470348814	0.0033880364010875	0.0149330165601072	0.0	0.0	0.0992095434967986	0.0048454017886239	0.0054247417062175	0.0	0.0204988519152958	0.0062028874626952	0.0295723786221487	0.0
C[T>C]C	0.0106606948035102	0.0	0.0120600647289399	0.0017399088842086	0.0107176028004111	0.0004828716028124	0.0012323399848417	0.0219728513576168	0.0090603255252423	0.0019970894604919	0.0027174067214784	0.0001968196870164	0.0	0.004808295437537	0.0113758404407889	0.0338620641898331	0.0059478925236446	0.0086946470430997	0.01596847477181	0.000768606109713	0.0014305562101951	0.0436978691450913	0.0068367976530273	0.0109327017186245	0.0	0.0075017884809031	0.0025006569405211	0.0088492651682847	0.0159916088899957
C[T>C]G	0.0125593021787464	0.0	0.0025430670322123	0.0036468405752019	0.0219094358132299	0.0002244375802091	0.0015602220323515	0.0114854652927751	0.0111109037164795	0.0020439959962371	0.0052348035016397	6.37872927790339e-05	0.0	0.0037530833332044	0.0143130841176004	0.0214787207466569	0.0021651467278597	0.0007576492175935	0.0287370751756838	0.0	0.0028170357596698	0.0858008242282402	0.0039985880870589	0.0023095022173432	0.0001499025873457	0.0339137247097635	0.004394480279373	0.0223322224053548	0.0046246022070662
C[T>C]T	0.0062641880422744	0.0	0.0091517085315473	0.0013121239696771	0.0143217524147087	0.0056513660975086	0.0147345799690528	0.0162698211138292	0.0168393870785814	0.0026426000038895	0.0072811444052312	0.0	0.0	0.0028664837058725	0.0069071764888464	0.10270962618757	0.008411788966395	0.0172467343480835	0.0185854423502613	0.0029994224379756	0.0	0.058105562788086	0.0084136625389484	0.0211600130873407	0.0014083962549824	0.0141499891035539	0.0044523947675691	0.0205516326353921	0.004149362911652
C[T>G]A	0.0024714892631849	0.0	0.0046840358122458	0.000303508544287	0.0026912564554129	0.0001672949297598	0.0006680352230863	0.0035855771185755	0.019400260854687	0.0037615825218006	0.0121531590149575	1.03478182552662e-05	0.0004839529617376	0.0002324554117145	0.0003413167154163	0.0032707983902307	0.0	0.0022498031807049	0.0007255585015002	0.0046822853111098	0.0	0.00175435316591	0.0155229051518563	0.0028728868230124	0.0003972240526191	2.1480785895561e-05	0.0023048033569099	0.0026386264377462	0.0019255596117687
C[T>G]C	0.0019371898197444	0.0	0.0049159853046031	0.0004029228709172	0.0050624075174508	0.0005313980431964	0.0014578031383708	0.0039892208409492	0.0059803401599299	0.0016548010566476	0.0023282901043555	0.0	0.0006638968755522	0.0010991927134335	0.0026873829672672	0.0182330150398623	0.0	0.0006574927162598	0.0028755137291705	0.0020111036156681	0.0	0.0064255555061718	0.0085055713588917	0.0006119532701583	0.0002425212219549	0.0029492543654975	0.000717407579142	0.003008105642921	0.0111869003341407
C[T>G]G	0.0028992935920988	0.0	0.0098683531574149	0.0021772812012184	0.0060582909635067	0.0007039937451125	0.0021422298763632	0.0072983215584971	0.0121606845397611	0.003243239706883	0.0116959005759474	0.0	0.0004033108754653	0.0006755707288319	0.0030504155521623	0.0087398433362875	0.001962848397519	0.0	0.0034631240150086	0.0055314889776261	0.0	0.004228930935659	0.0134749351794696	0.0051603886216156	0.0035955886747292	0.0026826776582654	0.0026117602667504	0.0038574566774237	0.01456489697165
C[T>G]T	0.003482974231817	0.0	0.0045386076131714	4.59922665529531e-05	0.0066866459949467	0.0005330489706109	0.005446268743081	0.0064295917282313	0.0322445884030175	0.0216033648600558	0.0142191605288419	0.0	0.0	0.0058244464125099	0.001115131941188	0.2770970774818	0.0040838605116419	0.0	0.012791908312102	0.0	0.0	0.0033640133189099	0.0852720101265838	0.0	0.0018635301348289	0.0060836843378781	0.0	0.0	0.0326882220746794
G[C>A]A	0.0120343351125461	0.0	0.0112045534020973	0.0403039839634439	0.0103500743857953	0.0	0.0006948049760302	0.0128627305027999	0.0070047538373303	0.0016061114464559	0.0039660512703376	7.28728477642968e-05	0.0021160476048556	0.0019739610819666	0.0	0.0038909317493514	0.093459792350147	0.0	0.0020073299989202	0.0024867232111616	0.0	0.0	0.0001368764106389	0.0114424980834011	0.0039458508715956	0.0	0.0253273193704073	0.0152602074903543	0.0
G[C>A]C	0.0065334692604356	0.0	0.0133387508792132	0.0321009694149167	0.0073742798029377	0.0	7.52928586181142e-05	0.0115886791263106	0.0074267879759577	0.0022098605607978	0.0050386925416096	0.0	0.001525502754978	0.0079693735320795	0.0111655556068303	0.0014579717292834	0.0164079448452292	0.0	0.0067562202604555	0.002392027990923	0.0	0.0	0.0013812995334516	0.0332106096844237	0.0017948045859357	0.0011553477478528	0.0067395069553193	0.0037553637694379	0.0
G[C>A]G	0.0017842203735386	0.0	0.0014535006803861	0.0107122446934353	0.0021577474664544	0.0	3.206448601476e-05	0.0014650770154417	0.0	0.0001564978602872	0.0	0.0	0.0003159624486387	0.0005417343316482	0.0014027441353886	0.0001052255522875	0.0044889682002828	0.0	0.0006219533282017	0.0	0.0	0.0	4.15029943396783e-05	0.0002271897159149	0.0005509468122822	0.0004278074235315	0.0017931801735141	0.0025198384140094	0.0
G[C>A]T	0.0099393071291972	0.0	0.0128078810166817	0.028781118306059	0.006141281250678	0.0001974027149844	0.0	0.0144406834027053	0.0039793142994805	0.0131458672966752	0.014825021496118	0.0	0.0017505963011125	0.0479257388047588	0.0197920091610156	0.0027956318498204	0.0411911170435727	0.0	0.0362706711764646	0.0027019689829595	0.0067410978912668	0.0	0.0022341211274951	0.0047034849308672	0.0022642049910627	0.00518961486846	0.0157498692597492	0.0053741238655974	0.0302460209596323
G[C>G]A	0.0016169874928236	0.0	0.0082645389363549	0.006613598338772	0.004445908241321	5.99431428389378e-05	0.0003296282069667	0.0050004011912174	0.002484141324674	0.0004295870387974	0.0	0.0	0.0024027318354753	0.0004319261326451	0.0	0.000669993457697	0.0046141903376326	0.0	0.0001917899522092	0.000559965060356	0.0	0.0	0.0	0.0022358345778493	0.000584487785813	0.0	0.0008084040192345	0.0089415263143142	0.0
G[C>G]C	0.002823348516959	0.0	0.0081847031147864	0.0047009691821269	0.0051928208258629	0.0002286025571771	0.0005341827941079	0.0048984148980696	0.002995907695149	0.0002703304737228	0.0	4.80949685580623e-05	0.0017448662956795	0.0002662177796484	0.0012018263477322	0.0010880691172322	0.0074772901612838	0.0026770915723082	0.0006778355677018	0.0	0.0	0.0	0.0003658480412284	0.024835951280253	0.0006676976027752	0.0001452884600639	0.0	0.0029397230534076	0.0
G[C>G]G	0.00069916549266	0.0	0.0016688518810421	0.0022457336598916	0.0016005269668755	8.28039414531543e-05	0.0003084593088909	0.0009673534223235	0.0	4.54237211365623e-06	0.0	1.18984519712963e-05	0.0002623527630721	1.33066658987685e-05	8.87003299665993e-05	7.55173138369358e-05	0.0008327629775663	0.000235348383781	4.03378926251814e-05	0.0002450482321384	0.0	0.000112214655522	2.94718702749112e-06	0.0	7.77766779073389e-05	0.0	0.0	0.0025183302805854	0.0001844924407711
G[C>G]T	0.0029161330749401	0.0	0.0137280867918718	0.004909889229083	0.0069474726117709	0.0002926329684594	0.0005350209428185	0.0069013036021859	0.0047006099658809	0.000321357136956	0.0	7.10897211245835e-05	0.0043615415426152	0.0002822264479706	0.0	0.001161258050768	0.0046766975078909	0.0002893050225046	0.0003659257720689	0.0	0.0	0.0	3.64973693268721e-05	0.0058470807860637	0.0004763077701145	0.0	0.0027240557936199	0.0061580180271554	0.0
G[C>T]A	0.0145554982944015	0.002614012972351	0.0131211471819661	0.0050641931433319	0.0205460239525581	0.0007947046639215	0.0002441268432072	0.0074803139503969	0.0065250933068734	0.0055320309381477	0.0	0.0265389879152936	0.0009303793845885	0.0333837741306932	0.0606504816431919	0.00228502305541	0.0098043683536916	0.0419056922251407	0.0414134036795141	0.0	0.0374488526722882	9.31562407885267e-05	0.0	0.0019957534106972	0.0266678664939298	0.0660570895742895	0.0082020832042523	0.0164423593327274	0.0127233356498595
G[C>T]C	0.0121861361576985	0.0	0.0073304905138773	0.0033211397711523	0.0230357325676979	0.0143946684047208	0.012234143175275	0.004673055783753	0.0075410165663571	0.0144648500139731	0.0044963822684389	0.101483224033855	0.0	0.0581636167539524	0.122934319800901	0.0021905003861012	0.0110803651505339	0.0304564329883561	0.048368835458644	0.0	0.116175196315591	0.0043362594072368	0.0010331427593522	0.020832117475809	0.0377341958290088	0.0557009131318459	0.0047073411449433	0.0043735175821282	0.0762709323461436
G[C>T]G	0.0865705843829145	0.0	0.0	0.0	0.0033925097634831	0.0	0.0	0.0063956188810382	0.0074350416713234	0.0181933156593489	0.0	0.0022094105479605	0.0	0.102521867762354	0.18911185234812	0.0042153330376737	0.0116057222857095	0.0037517965220391	0.0198532955666342	0.0	0.0241664526430793	0.0093997503801839	0.0	0.0	0.0	0.0494470869285015	0.0016102384523313	0.0	0.174953201660301
G[C>T]T	0.013811792766985	0.0	0.0124516466167844	0.0055842890720191	0.0186965261241686	0.014071206094377	0.0038415612428437	0.0098530827083837	0.0104195673266016	0.0164892888818662	0.0057750067226918	0.071544593166386	0.0	0.0472584624151894	0.0835168600673391	0.0021782455048812	0.0125105156603668	0.0796226827210437	0.0345377401109356	0.0	0.157784721792456	0.0055579253031368	0.0058255476234686	0.0031430689244541	0.0859342498347112	0.0473140298872012	0.0087091162035028	0.0113494276824228	0.0507487224395833
G[T>A]A	0.0010347107665911	0.0	0.0066826841444336	0.0064678988216612	0.0032010539337511	0.000593359316761	0.0013288166241059	0.0065585473840047	0.0073345734940386	0.0003264077341751	0.0	0.0001226776997117	8.3245151043452e-05	0.0001784574462874	0.0004162114635844	0.0003549947708667	0.0024642705228117	0.0047840640142619	0.001305332725779	0.0538577084873113	0.0	0.0	0.0	0.0029992973417634	0.0019721154027226	0.0020998663961285	0.0040708107610416	0.0104447966950906	0.0
G[T>A]C	0.0010027536646495	0.0	0.0059835832148127	0.0023756341377247	0.0027149679660333	0.0002524508835267	0.0005153604843435	0.0063341410905284	0.0050859632168136	0.0006157917550268	0.0	0.0001620357442441	0.0005726255791242	0.0014427430432331	0.0086672827148925	0.0025285999532092	0.0019792705101974	0.0013676776778915	0.0058734706666647	0.0078131373291653	0.0	0.0	0.0005800513314147	0.0030223465976598	0.0006186684110659	0.0021530839118377	0.0038364946392596	0.0018946172809407	0.0
G[T>A]G	0.0022837566841228	0.0	0.0081855092956442	0.0081711073249216	0.0035804381036771	0.0004022928850672	0.0010494494448899	0.0079718280136176	0.0032509012138491	0.0001160641007725	0.0	0.0001119645022719	0.0001929646043451	0.0001836857263933	0.0008422077881847	0.0011479409544898	0.0	0.0029397705054306	0.0013463355970284	0.0311304793203362	0.0	0.0	0.0	0.0023710749258191	0.0036947935993682	0.0015997839282758	0.003298274449884	0.0106578575587747	0.0
G[T>A]T	0.0035772088452253	0.0	0.013425105390575	0.0033706110581908	0.0028453812744454	0.001438031176106	0.002157478136319	0.0132037450568249	0.0057388193809206	0.0010093560540911	0.0081792487773344	0.0001555502095556	0.0	0.001352537245563	0.0	0.0064259504160239	0.0062825987644803	0.0045540854505447	0.0047515723894398	0.0084229008802902	0.0	0.0	0.0005820568802024	0.0024916065760541	0.0	0.0019737715260704	0.0105122469262348	0.0059227678667049	0.0
G[T>C]A	0.0073169739933846	0.0	0.0030831675425327	0.0019162037929561	0.0143336081700189	7.26827115749594e-05	0.0009250359479612	0.013448021085136	0.0144184910967215	0.0104106844669406	0.0	0.0004174118499983	0.0	0.0249246589451125	0.0092678348430659	0.0030749395259621	0.0027882234818581	0.0145220941326748	0.0062138792431353	0.0	0.0008984587621032	0.086033037822465	0.0249811607755507	0.0030517806520921	0.0006929398901207	0.0361681119656071	0.0078514314806938	0.0263658409612828	0.0367494294925891
G[T>C]C	0.0057122475148039	0.0	0.0048041988259689	0.0005080282640156	0.0079907790790676	0.0	0.0002754888432098	0.0122192949860193	0.0118250645250391	0.0092811705988864	0.002757546467389	0.0	0.0012317156094156	0.0198923799941986	0.0330888011830447	0.0073833045629258	0.0069391318972285	0.0120750224315526	0.0044023399774071	0.0	0.0	0.0242159516925623	0.0262885054766385	0.0201729974890548	0.0012137563981225	0.0090750234392575	0.0031086989353153	0.0014685340764709	0.101884037633078
G[T>C]G	0.0051033411299478	0.0	0.0014113790710686	0.0010858519446145	0.0158274333391027	0.0	0.0009538054020276	0.0102459779357037	0.0103326792223187	0.0053636863591264	0.0060853464643711	0.0	0.0	0.0134134757669641	0.0123289212986333	0.0059633549641592	0.002671980688009	0.0097426176674708	0.0148034336540611	0.0	0.0051033435502429	0.0437121571001693	0.0169942383761361	0.0014635812056126	0.0032310989715549	0.0219027107520656	0.0057184743808875	0.0178818548541265	0.0367231054298891
G[T>C]T	0.0096278151914827	0.0	0.0069613241859439	1.27800535943647e-05	0.0135985513407872	0.0090060937047954	0.0150492011177714	0.0134896023664244	0.0141088979361623	0.0150039504401367	0.0032357878380062	0.0	0.0	0.0181278527020489	0.0021670544196528	0.0104690935288995	0.0116437627319858	0.0424153629501809	0.0084240173765975	0.0	0.0121707800523532	0.042048478917755	0.0423174127109598	0.0038177668635878	0.0008554842815529	0.0209310286465848	0.0170554309830845	0.0148583697594555	0.025540529170139
G[T>G]A	0.0016565867882	0.0	0.0039830362706113	0.0004214190625423	0.0028335255191352	0.0002555418829901	0.0006469256883676	0.0015049034003611	0.0075982591969036	0.0011023098283776	0.0015581048251757	0.0	0.0003787084709062	0.0003050091960984	0.0002042680747541	0.001337735110165	0.0019989121655962	0.0005452497298266	0.0003750408948945	0.0025117329059529	0.0	0.0	0.0061286417006477	0.0013156219429891	0.0004248339206977	0.0	0.0033020153062484	0.0017628906325415	0.0020386803958768
G[T>G]C	0.0010631097266635	0.0	0.0023246521683602	0.0002171334197401	0.0019680553814914	0.0001240966714344	0.0003264400732428	0.0020990659633715	0.0049356199848336	0.0016883878570256	0.0021923143301147	0.0	0.000324240215887	0.0021206194309778	0.0023092311984047	0.004449070652549	0.000636027124822	0.0007549840660491	0.0012835620191473	0.0005118100444058	0.0013464168957468	0.0018431754042986	0.0100101169055544	0.0034056587316659	0.0001919329713336	0.0003306808471967	0.001612853480523	0.0002175824298052	0.0184104856973677
G[T>G]G	0.0013041392689511	0.0	0.006451315016986	0.0013563382556277	0.005323234134275	0.0011077800807817	0.0007369081805505	0.006119026833232	0.0051335919956426	0.0009317245848691	0.0026284816162505	3.6570230613331e-05	0.0005916220509008	0.0012931804436847	0.0038648645019669	0.0028208162861975	0.0052923137047991	8.74963126902934e-05	0.001351829942265	0.0021244173399941	0.0037210129502851	0.0011770983199402	0.0060608417738373	0.0020219793044406	0.0030651904696802	0.0	0.0014104343963624	0.0029115391852994	0.0198690199840327
G[T>G]T	0.0030921558381492	0.0	0.0054293609464514	0.000570858599676	0.0024659971045193	0.0018099954102753	0.0033061700044233	0.0037819850702451	0.0181432006655711	0.0054555044595063	0.0051114311465161	0.0	0.0006402105116849	0.0053764219667322	0.0130944479312404	0.0656988348527994	0.0039806452775248	0.0	0.0119842499923824	0.0008308480584803	0.0045446483192424	0.0003489857563078	0.0291358218195053	0.0003390643126855	0.0001769759275527	0.0026146995604658	0.0047057667818632	0.0027369517170543	0.115956446671403
T[C>A]A	0.0086975934785361	0.0199041365620589	0.0158072198013046	0.0512499846146195	0.006390252112192	0.0	0.0035694207262845	0.0154587416364784	0.0274581762013305	0.0346426446863346	0.246690114735117	0.0	0.0457214650743568	0.0016833186428544	0.0	0.0040904615342789	0.0698555506614927	0.0	0.0	0.0009849132784279	0.0	0.0014948276342725	0.000424093603983	0.0065110015844833	0.0080951095018141	0.0	0.0192308480612958	0.0201847551966415	0.0
T[C>A]C	0.0042167624932327	0.0057379588423645	0.0189641296455929	0.0510328945236776	0.0092474891419476	0.0021704268909845	0.0074365345302706	0.012091507235612	0.0031439192389844	0.010019585738695	0.0155532231672367	0.0002098971564423	0.0185919586905529	0.0104953371503481	0.0027852814464778	0.0022665618504433	0.0365216854193204	0.0	0.0072343675084175	0.0013878726777076	0.0068373172545149	0.0	0.0	0.0096545286710847	0.0054077142261615	0.0005297319656225	0.012599248995973	0.0207287378949482	0.001156186521368
T[C>A]G	0.0012523142863866	0.001190584779638	0.0015495107303525	0.0079226005373036	0.0018020748071487	4.6020037288905e-05	0.0004377244991651	0.0006868110946074	0.0009170002899346	0.0013357965569005	0.0089266875765957	9.39533046052733e-06	0.0032437950309101	0.0001334671744337	0.000244875085562	0.000429265501471	0.0032807198117337	0.0	4.54334055513334e-05	0.0	0.0	0.0	0.0	2.88936646625606e-06	0.0009159543499349	0.0	0.0024246154199514	0.0045136631034176	0.0
T[C>A]T	0.013645558394841	0.010108008463863	0.0235030770635754	0.0574138234016658	0.0119980243739116	0.0008127143332777	0.0038535136212323	0.0198215038926012	0.0433289835100367	0.317545420437768	0.253895110063716	0.0	0.0236557396683565	0.0800989781052046	0.0051659880153058	0.0069170551693721	0.0941582259420895	0.0	0.0299138999507483	0.0	0.0035263158986917	0.0	0.0	0.0	0.0073530281714796	0.0090780303386105	0.031739378743244	0.0164656666652204	0.0
T[C>G]A	0.0025853418780954	0.0373273886979963	0.0	0.0043424176465893	0.0090577970569846	0.0	0.001258918713099	0.0107888494768654	0.0017986567793316	0.0	0.0	0.0001038406627999	0.327202823155118	3.60852138348862e-05	0.0	0.0056759232472877	0.0003518846536822	0.0	0.0	0.0	0.0	0.0	0.0	0.0030376248292214	0.0010484495319085	0.0001113909030126	0.0045667652114558	0.0084079775015922	0.0
T[C>G]C	0.0022164876482945	0.0031392612851165	0.0162486794497287	0.0063552756158838	0.0076943851963128	0.0007871685451962	0.0023955258312364	0.0079368583905551	0.0024563332865564	2.44450854694521e-06	0.0	0.0001640559547347	0.0715368179154622	2.71773968687377e-05	0.0	0.002064264674561	0.003388238795279	0.0	2.45080230089893e-05	0.001124619139052	0.0	0.0	9.80466421882506e-05	0.002368243074335	0.0007000065862307	0.0	0.0035278261967196	0.0135767944961106	0.0
T[C>G]G	0.0008744508662528	0.0	0.0019859340647228	0.0014478759233195	0.0018613535836997	0.0001297921805594	0.0004881232679679	0.001468138718177	0.0	0.0	0.0	1.76379646170293e-05	0.0153102649199178	0.0	0.0	0.0003799029842662	0.0014631877119253	0.0	0.0	0.0	0.0	0.0	0.0	0.0003541277684376	0.0003279023405277	0.0	0.0004948821582132	0.002844772515151	0.0
T[C>G]T	0.0085020028994186	0.0822523127380412	0.0304820863241136	0.0063443475453565	0.0141676275956762	0.0010913365906962	0.0042115864392043	0.0149944561707168	0.0052405999787465	0.0	0.0	0.0002727128129812	0.355432537397261	5.29870699792667e-05	0.0	0.0083874012385407	0.0156738351996232	0.0	0.0	0.0	0.0092231719860585	0.0	0.0	0.0063708545823554	0.0022960388612016	0.0	0.0091482499035314	0.0145069310641234	0.0
T[C>T]A	0.0108762709062985	0.442650078556096	0.0	0.003941384160462	0.0231661458761099	0.167131408515415	0.0	0.0079043147823724	0.0012887884213916	0.0040257499324299	0.0009960228483708	0.0351529819234022	0.0564971318269788	0.0064848572198775	0.0108090368327873	0.0085686032070253	0.007738312705841	0.0231815434752786	0.0065490316898961	0.0	0.0151127522521853	0.0	0.00282356497599	0.0040048163961509	0.0250295018638114	0.0076075008809332	0.0193639117104945	0.0178247351739425	0.0030471191228518
T[C>T]C	0.0104071225684755	0.0888627516224633	0.0119886485440539	0.0018123960330666	0.024173885077476	0.286169031548676	0.133563810805289	0.0066735228019442	0.0082517083456113	0.0134726736128232	0.0052122328027002	0.164599889974628	0.0	0.0194151982845973	0.0145295097681581	0.0051709721475161	0.0046874245285135	0.0125275232997005	0.0086905013916793	0.0	0.0430772857862249	0.0009833798418264	0.0016928465510442	0.0184793357875744	0.0086108585091036	0.0076498414101506	0.0137347598243118	0.0076069477628112	0.0035743891568248
T[C>T]G	0.0464957500378174	0.0425309557796344	0.0	0.0	0.0026083071420378	0.0577884159131242	0.0265172269440305	0.0027846866893146	0.0034789688963692	0.0572088340321806	0.0	0.0040797104025496	0.0073533240544003	0.0268084832106831	0.0053179178668009	0.0024072834951107	0.0132247000498316	0.0029918910975398	0.0	0.0	0.0023657431764268	0.0	0.0080647864889575	0.0	0.0	0.0122474967243662	0.0037236871893166	0.0010818399587097	0.0
T[C>T]T	0.0210800323155069	0.235969088343473	0.0121227583034606	0.0083975529109966	0.0235573858013462	0.110342658748046	0.108555956001305	0.0132665190044427	0.0084402400909756	0.0374587150061401	0.0006755492636665	0.124077647276075	0.0	0.023451351316181	0.0148349061779249	0.0074463328354426	0.0045566452674228	0.0382591379555373	0.0048931688353163	0.0	0.0217370600103547	0.0	0.0	0.0122201149088343	0.109077593140691	0.0067734078387756	0.0187917648271613	0.0193378517199417	0.0
T[T>A]A	0.0096243459405715	0.0	0.0106507150015012	0.0065703552102665	0.0069474726117709	0.0022921870632359	0.0071252247449611	0.013982466273444	0.0265341313506096	0.0019747871355268	0.0109653537897935	0.0004018855010336	0.0	0.0006926272710124	0.004405431593186	0.0079135592166174	0.0127618406759511	0.0175513365665051	0.0019074029961582	0.100514721380093	0.0	0.00290545119548	0.0012268396504189	0.0042334473967205	0.0	0.0114825006629811	0.0182492651313114	0.012938671434343	0.0045438902354362
T[T>A]C	0.0031742979453176	0.0	0.0093545031806692	0.003044815633642	0.0037227071673994	0.0021627002878051	0.0060048496948056	0.0138610812841818	0.0038939639520772	0.0013563367572283	0.0039053789962352	0.0001674310615646	0.0011306930725391	0.0011662260901644	0.0028133199243443	0.0030383663548387	0.001852942733108	0.0093715964195474	0.0019971366781107	0.0243934086025847	0.0034266580377469	0.0010528542647465	0.000785817825832	0.0027308864934684	0.0001016221221953	0.0005209917715385	0.0081896065212035	0.0046957745193932	0.0040553254888018
T[T>A]G	0.0025002549478697	0.0	0.007522203870038	0.0068060098283424	0.0043510621988394	0.0009066449088924	0.0034019981835641	0.0079237723566988	0.011888764862343	0.0009683106780727	0.0	8.32922991117213e-05	0.0005051645535989	0.0001192899475188	0.0	0.0013500910846165	0.0	0.0058102019723525	0.0004924465998275	0.0724787904006574	0.0054099682207433	0.0	0.0	0.0018085145894476	0.0006968611987969	0.0010300535705748	0.0026154247069407	0.0087926243380278	0.0
T[T>A]T	0.0147195366698638	0.0	0.0230411674761785	0.0048023521193924	0.0090696528122948	0.0150431669900031	0.0425198335801053	0.021860513868748	0.0208935997342998	0.0077870222881969	0.0045626916476215	0.0005394584495169	0.0	0.0027402376896961	0.0079379548441917	0.0132886728967189	0.0135726945745606	0.014371824329089	0.0036196053932661	0.0432082321873909	0.0	0.0006663129369419	0.001045604110902	0.0061370987425894	0.0037053888159763	0.0143610318057758	0.0376988385194578	0.019721114155474	0.0
T[T>C]A	0.0074995326923755	0.0	0.0098004525485107	0.0015723923236108	0.0188150836772705	0.0051105360715714	0.0109976381306422	0.0162524100884882	0.01981525590345	0.0075590929094441	0.0081503834317367	0.0003290228349236	0.0	0.0073602385732415	0.0035715616287279	0.0077073861212647	0.0040713256481671	0.0025614760118175	0.0116010992926659	0.0	0.0025145848250678	0.0860484581945616	0.0169686355849927	0.0048493892133437	0.0012226549437468	0.0304348900395886	0.016306169230429	0.0290118006509976	0.0
T[T>C]C	0.008234979209687	0.0	0.0087352233718377	0.0008047956275615	0.0093779024503597	0.0018471478631939	0.0051759564384396	0.0223784161366543	0.0178193143411297	0.0072009147735707	0.0098585242172047	0.0002138954416046	0.000342058881588	0.0073462007936609	0.027480931341571	0.0094115295699923	0.0101031580116552	0.0148489948517512	0.0103053510826045	0.0	0.0	0.0262736717811813	0.0168350672390416	0.0049343043704535	0.0	0.0151996704655754	0.0047055588544314	0.0079688885948029	0.0680778315118469
T[T>C]G	0.0065579928752731	0.0	0.0050730317165669	0.0004538313188194	0.0131124653730694	0.0019258816958226	0.0069329177459759	0.0109235707595211	0.0105986021474996	0.0049440017728715	0.0064556602994947	0.0	0.0	0.0051208479935859	0.0088385152696143	0.0057026954677799	0.0059975152317518	0.0028354760702388	0.0130088789491088	0.0	0.0047110009309035	0.0314625972635997	0.0108804955314573	1.60883064616118e-05	0.0004250754888001	0.0243366116276327	0.0051287610022039	0.0164364292960431	0.0
T[T>C]T	0.0094379482441955	0.0	0.0107056829712313	0.0002926924301634	0.0199532361870486	0.0048532508809593	0.0173311029195015	0.0195009753008649	0.034500938347278	0.0119279460573016	0.0130467261496381	0.0	0.0	0.0073590044175978	0.029149896492484	0.0153407647768017	0.0073546781125438	0.0312350880522498	0.0157130303586155	0.0	0.0	0.044686564215896	0.0299976523517558	0.0047460271313141	0.0006761294648431	0.0266887360338964	0.0594469347684916	0.0191572828802737	0.0008277909913396
T[T>G]A	0.0040752168040763	0.0	0.0080257285283234	0.0005250517619702	0.005453647442687	0.0011590620637567	0.0046855881345285	0.0051006338755429	0.0428854383820584	0.0106707061821219	0.0399549534927002	5.78608479921078e-06	0.0004185233329063	0.0001526499701755	0.0	0.0057735501593942	0.0023121585628278	0.000633114425585	0.0	0.0055702377150086	0.0001761972963793	0.0002663174143495	0.0246027491301045	0.0044561470861376	0.0008941959662551	0.0	0.0097791423426017	0.0079059324560046	0.0
T[T>G]C	0.0013683139732419	0.0	0.0048900342096093	0.0001135284488912	0.007077885920183	0.0012696692013131	0.0050121522782417	0.0040830965459607	0.0083414961884	0.007066474404857	0.0028334541801151	0.0	0.00064727539278	0.0018919416967505	0.0005432001468271	0.006666774148933	0.0003646469336338	0.0009980585237562	0.0	0.001200079490323	0.0	0.000712073229597	0.0214026208415872	0.0	0.0007285552028037	3.33907888275832e-05	0.0053929237580991	0.0032682220717483	0.0030120569194657
T[T>G]G	0.0036920535527481	0.0	0.008668385012339	0.001878728573796	0.007457270090109	0.0009974100595585	0.0036741308124613	0.0068348320627655	0.0105873429500254	0.0028829975283859	0.0043358899969622	8.37772579329053e-05	0.0	0.0003915049546518	0.0019971885503489	0.0043851003124787	0.0031493138084693	0.0003812485544634	0.0002038693407919	0.0055171788479436	0.0	0.0006959145122167	0.007702699536424	0.0063793390195836	0.0028327557759976	0.0009449758929873	0.0016241971778177	0.0079115076295004	0.0023897491220446
T[T>G]T	0.0087273502135299	0.0	0.0128693525958864	0.0003967759365237	0.0139186567341623	0.0019779610532857	0.0137849874557629	0.0089698246520775	0.0545165643714731	0.114516884169052	0.0312138518981751	0.0	0.0	0.0116010530474572	0.0137516678783252	0.0874580453975464	0.0100467416631894	0.0	0.0	0.0047547385591041	0.0	0.003439287835695	0.28770207826323	0.0043203092357314	0.0007466688971493	0.0068137812540117	0.0421585976206	0.0101805132184747	0.0126982132871838
