MutationType	S1 (SBS1 - 0.99)	S2 (SBS2 - 0.99)	S3 (SBS3 - 0.97)	S4 (SBS4 - 0.98)	S5 (SBS5 - 0.98)	S6 (SBS7a - 1.00)	S7 (SBS7b - 0.96)	S8 (SBS8 - 0.92)	S9 (SBS9 - 0.94)	S10 (SBS10a - 1.00)	S11 (SBS10d - 0.98)	S12 (SBS11 - 0.99)	S13 (SBS13 - 0.99)	S14 (SBS14 - 0.98)	S15 (SBS15 - 0.97)	S16 (SBS17 - 0.99)	S17 (SBS18 - 0.97)	S18 (SBS19 - 0.95)	S19 (SBS20 - 0.98)	S20 (SBS22 - 0.99)	S21 (SBS23 - 0.94)	S22 (SBS26 - 0.94)	S23 (SBS28 - 0.96)	S24 (SBS31 - 0.98)	S25 (SBS32 - 0.94)	S26 (SBS44 - 0.97)	S27 (SBS88 - 0.92)	S28 (SBS92 - 0.95)	S29 (SBS97 - 0.95)
A[C>A]A	0.01527941	0.00000000	0.02232679	0.06187532	0.01168977	0.00071302	0.00527511	0.01835760	0.00880911	0.00189047	0.01012756	0.00022331	0.00273869	0.00072739	0.00000000	0.00367221	0.04042895	0.00000000	0.00076538	0.00585624	0.00000000	0.00000000	0.00000000	0.00475238	0.02452861	0.00000000	0.02035303	0.02284179	0.00000000
A[C>A]C	0.00932614	0.00000000	0.02154576	0.03443378	0.00982842	0.00022342	0.00091767	0.02375773	0.00699679	0.00273637	0.00852169	0.00004212	0.00170480	0.00417079	0.00000000	0.00136689	0.01699107	0.00022703	0.00337225	0.00002354	0.00000000	0.00000000	0.00015120	0.02059302	0.00912075	0.00000000	0.00886850	0.00342579	0.00000000
A[C>A]G	0.00232038	0.00000000	0.00327837	0.01510417	0.00175465	0.00001287	0.00037834	0.00277843	0.00047760	0.00035717	0.00104865	0.00001674	0.00028140	0.00016860	0.00000000	0.00000000	0.00119361	0.00000000	0.00026042	0.00000000	0.00000000	0.00000000	0.00000000	0.00013782	0.00260035	0.00000000	0.00181592	0.00503281	0.00000000
A[C>A]T	0.01163343	0.00000000	0.02214693	0.04369127	0.00635468	0.00078690	0.00162334	0.02400531	0.00677304	0.01909738	0.02111374	0.00000000	0.00150342	0.02781207	0.00017738	0.00190640	0.02710209	0.00038478	0.02524976	0.00000000	0.00005974	0.00000000	0.00032502	0.00581357	0.01034801	0.00193056	0.01130636	0.00652524	0.00000000
A[C>G]A	0.00718207	0.00000000	0.01879338	0.01107781	0.01025523	0.00025960	0.00042116	0.01501833	0.00507816	0.00067694	0.00039155	0.00010173	0.00592430	0.00055468	0.00000000	0.00146427	0.00527349	0.00000000	0.00000785	0.00005639	0.00157813	0.00000000	0.00000000	0.00225185	0.00003849	0.00000000	0.00348060	0.01737533	0.00140947
A[C>G]C	0.00461995	0.00000000	0.01114233	0.00390052	0.00553664	0.00020213	0.00022084	0.00794224	0.00275362	0.00025610	0.00000000	0.00008396	0.00173224	0.00018446	0.00000000	0.00092278	0.00466464	0.00048192	0.00025201	0.00008220	0.00000000	0.00000000	0.00019041	0.00432809	0.00085388	0.00000000	0.00000000	0.00425518	0.00000000
A[C>G]G	0.00165392	0.00000000	0.00512805	0.00205931	0.00143455	0.00015006	0.00060240	0.00297970	0.00002663	0.00000727	0.00000000	0.00002460	0.00050673	0.00000834	0.00000000	0.00023722	0.00138111	0.00000000	0.00002430	0.00003205	0.00000000	0.00000000	0.00000000	0.00000000	0.00052656	0.00000000	0.00053473	0.00414685	0.00000000
A[C>G]T	0.00644096	0.00000000	0.02087329	0.00668942	0.01001811	0.00046778	0.00077869	0.01410372	0.00569430	0.00030267	0.00000000	0.00017188	0.00578522	0.00020786	0.00000000	0.00227023	0.01076224	0.00151359	0.00048853	0.00000000	0.00463600	0.00000000	0.00004511	0.00374442	0.00000000	0.00128468	0.00000000	0.01260084	0.00000000
A[C>T]A	0.02282224	0.00000000	0.02196873	0.01314005	0.04002503	0.00110825	0.00015466	0.01949033	0.00832094	0.00482115	0.00147726	0.02717132	0.00000000	0.02260947	0.03624398	0.00392646	0.00965008	0.01780665	0.04777698	0.00000000	0.02414781	0.00535846	0.00000000	0.00155587	0.09652638	0.05553972	0.01466579	0.02323700	0.00000000
A[C>T]C	0.01163401	0.00000000	0.00867480	0.00494999	0.02064087	0.02117523	0.02063181	0.00703661	0.00608177	0.00538823	0.00000000	0.11641029	0.00000000	0.02141061	0.01129629	0.00177278	0.00392910	0.00866447	0.03034998	0.00000000	0.02815594	0.00000000	0.00195751	0.00342990	0.10061013	0.01693030	0.00823899	0.00682694	0.00000000
A[C>T]G	0.13407411	0.00000000	0.00475154	0.00237750	0.00498254	0.00009856	0.00000000	0.00773433	0.00201440	0.01277732	0.00000000	0.00138472	0.00401390	0.07327157	0.00765719	0.00387085	0.00325630	0.00380551	0.01974083	0.00180874	0.00000000	0.01165821	0.00000000	0.00000000	0.00541652	0.04036756	0.00636479	0.00451749	0.00000000
A[C>T]T	0.01652356	0.00000000	0.02030381	0.00742631	0.02525276	0.01004871	0.01137012	0.02066690	0.00713134	0.00864158	0.00672257	0.08962364	0.00000000	0.02467778	0.00750327	0.00218172	0.00852573	0.02633909	0.02822850	0.00000000	0.03759457	0.00526387	0.00135792	0.00440360	0.18723046	0.02152269	0.01219058	0.01314872	0.00000000
A[T>A]A	0.00671187	0.00000000	0.00986214	0.00664207	0.00739799	0.00340468	0.00963192	0.00709546	0.02000245	0.00130816	0.00464596	0.00026924	0.00000000	0.00119375	0.00416462	0.00216322	0.01021300	0.02568464	0.00199183	0.06048596	0.00000000	0.00146838	0.00000000	0.00959085	0.00000000	0.00791697	0.02556591	0.01285310	0.00149338
A[T>A]C	0.00494090	0.00000000	0.00734286	0.00204720	0.00727943	0.00080049	0.00143406	0.00672291	0.00691797	0.00068222	0.00726519	0.00031025	0.00104262	0.00113330	0.01297797	0.00170634	0.00482867	0.00662939	0.00684078	0.00000000	0.00436302	0.00059292	0.00079345	0.00317602	0.00000000	0.00439253	0.01721796	0.00000000	0.01450090
A[T>A]G	0.00613631	0.00000000	0.01076654	0.00936234	0.00890367	0.00094866	0.00260331	0.01024442	0.00706684	0.00022116	0.00000000	0.00017077	0.00073014	0.00019777	0.00000000	0.00114309	0.00122778	0.01341271	0.00099784	0.06428058	0.00000000	0.00000000	0.00000000	0.00016216	0.00000000	0.00094836	0.00509356	0.01086590	0.00000000
A[T>A]T	0.01243802	0.00000000	0.01521382	0.00452047	0.00516911	0.00853218	0.01906975	0.01551686	0.02538204	0.00684838	0.01775315	0.00004674	0.00000000	0.00662047	0.01667544	0.00636306	0.01696254	0.01263761	0.01802293	0.01539829	0.00000000	0.00000231	0.00245149	0.00013094	0.00086419	0.02971052	0.03220298	0.01361770	0.00000000
A[T>C]A	0.01457109	0.00000000	0.01364441	0.00643343	0.04972304	0.00076702	0.00224841	0.01575579	0.02602658	0.00840404	0.00786761	0.00058789	0.00000000	0.01261979	0.01266867	0.00475433	0.00499552	0.00393533	0.01491927	0.02145915	0.00242601	0.10394548	0.02516240	0.00365559	0.00090107	0.02900533	0.05485011	0.06378239	0.02066243
A[T>C]C	0.00811689	0.00000000	0.00823200	0.00089132	0.01417948	0.00023508	0.00062111	0.01161469	0.01149401	0.00459183	0.00554135	0.00000000	0.00000000	0.00646927	0.01172417	0.00381062	0.00709453	0.00722325	0.00991032	0.00127965	0.00000000	0.02967959	0.01393106	0.00270080	0.00000000	0.00805874	0.02355685	0.00841210	0.02912044
A[T>C]G	0.01287716	0.00000000	0.00864863	0.00399950	0.04128174	0.00048438	0.00246471	0.01172640	0.01324568	0.00447625	0.01296161	0.00000000	0.00000000	0.00632171	0.00981654	0.00317877	0.00000000	0.01174130	0.02268809	0.00709032	0.00000000	0.05262557	0.01494092	0.00234634	0.00005013	0.03346746	0.01233755	0.03793760	0.00862036
A[T>C]T	0.01519685	0.00000000	0.01907606	0.00200431	0.04252659	0.00195438	0.00421071	0.01706711	0.02496504	0.00775652	0.01352159	0.00067667	0.00000000	0.00627100	0.00240602	0.00608789	0.01408192	0.01768941	0.01247324	0.00000000	0.01335825	0.04004789	0.02612960	0.00471361	0.00057555	0.00961360	0.08934000	0.02937414	0.00789007
A[T>G]A	0.00387123	0.00000000	0.00626058	0.00075376	0.00404281	0.00091808	0.00222335	0.00526533	0.03135762	0.00343211	0.01060597	0.00000000	0.00000000	0.00011004	0.00000000	0.00333323	0.00115835	0.00272656	0.00000000	0.00565675	0.00000000	0.00000000	0.01211283	0.00296023	0.00063669	0.00006370	0.00467159	0.00374031	0.00000000
A[T>G]C	0.00125433	0.00000000	0.00254118	0.00002971	0.00267940	0.00053889	0.00064020	0.00181479	0.00665013	0.00351939	0.00191163	0.00000000	0.00024492	0.00184485	0.00015534	0.00410797	0.00000000	0.00044759	0.00153341	0.00134256	0.00000000	0.00117758	0.01593908	0.00096118	0.00008655	0.00091378	0.00154435	0.00027367	0.00368411
A[T>G]G	0.00528335	0.00000000	0.00855819	0.00096019	0.00865470	0.00094672	0.00133726	0.00620332	0.00606732	0.00201503	0.00237778	0.00000000	0.00062859	0.00063122	0.00000000	0.00213271	0.00085374	0.00208994	0.00102383	0.00492599	0.00108887	0.00000000	0.00820223	0.00288447	0.00216966	0.00000000	0.00323185	0.00321211	0.00000000
A[T>G]T	0.00483111	0.00000000	0.00611436	0.00021214	0.00541808	0.00000000	0.00208539	0.00616150	0.01877599	0.02947523	0.01216057	0.00000000	0.00052273	0.00810566	0.00030008	0.04555647	0.00000000	0.00000000	0.01037930	0.00073094	0.00000000	0.00103995	0.11221648	0.00261488	0.00069493	0.00214462	0.00371479	0.00415274	0.01191448
C[C>A]A	0.01136777	0.00000000	0.02325588	0.07872429	0.00685263	0.00135583	0.00399265	0.02323116	0.00941450	0.00494593	0.01315392	0.00000000	0.00000000	0.00510663	0.00518094	0.00270592	0.04507835	0.00000000	0.01802403	0.00484378	0.00368461	0.00194315	0.00074376	0.01826183	0.00665148	0.00875340	0.04543869	0.01090382	0.00000000
C[C>A]C	0.00795071	0.00000000	0.02010892	0.06870695	0.00648510	0.00037305	0.00238649	0.02168915	0.00515376	0.00206121	0.01085915	0.00001474	0.00000000	0.00673056	0.01284035	0.00000000	0.01366888	0.00013831	0.02175412	0.00218606	0.01096279	0.00940084	0.00104143	0.01840868	0.00244829	0.01997419	0.00789494	0.00300417	0.00000000
C[C>A]G	0.00118327	0.00000000	0.00307916	0.01672456	0.00326033	0.00021805	0.00086000	0.00203071	0.00013312	0.00064403	0.00152761	0.00000000	0.00000000	0.00081380	0.00213139	0.00000000	0.00148582	0.00000000	0.00331506	0.00000000	0.00628699	0.00000000	0.00000000	0.00000000	0.00066349	0.00471531	0.00270727	0.00000000	0.00000000
C[C>A]T	0.01069985	0.00000000	0.02306977	0.07087090	0.00550107	0.00221943	0.00687742	0.02513767	0.01378953	0.03023265	0.02208232	0.00000000	0.00000000	0.07574579	0.02905462	0.00141833	0.03317833	0.00299665	0.15842849	0.00000000	0.00612298	0.00007817	0.00000000	0.06636210	0.00000000	0.05984420	0.01312334	0.00588371	0.00342646
C[C>G]A	0.00352799	0.00000000	0.01413436	0.00855144	0.00679335	0.00022264	0.00065009	0.00632205	0.00179657	0.00000760	0.00000000	0.00006775	0.00689013	0.00002035	0.00000000	0.00104561	0.00709842	0.00000000	0.00000000	0.00105107	0.00000000	0.00000000	0.00000000	0.00108161	0.00055194	0.00000000	0.00015960	0.01312089	0.00000000
C[C>G]C	0.00312337	0.00000000	0.01191314	0.00609401	0.00953203	0.00038290	0.00144429	0.00691011	0.00168215	0.00000681	0.00000000	0.00008585	0.00176758	0.00003474	0.00000000	0.00069090	0.00500218	0.00000000	0.00005300	0.00119053	0.00406267	0.00016163	0.00000000	0.00290980	0.00117300	0.00000000	0.00111675	0.00695424	0.00000000
C[C>G]G	0.00122771	0.00000000	0.00441594	0.00240215	0.00245414	0.00025309	0.00086337	0.00218573	0.00000000	0.00000000	0.00000000	0.00000681	0.00065376	0.00000190	0.00000000	0.00006034	0.00204142	0.00000000	0.00009772	0.00000000	0.00017370	0.00000000	0.00000000	0.00021558	0.00025263	0.00000000	0.00009752	0.00334739	0.00000000
C[C>G]T	0.00347046	0.00000000	0.01915333	0.00760265	0.00991141	0.00060723	0.00195593	0.00951688	0.00282820	0.00001705	0.00000000	0.00011885	0.00798728	0.00003893	0.00000000	0.00155936	0.00404730	0.00108930	0.00003341	0.00070529	0.00000000	0.00000000	0.00006875	0.00754410	0.00071705	0.00000000	0.00053662	0.01265309	0.00000000
C[C>T]A	0.01880229	0.01583049	0.01209328	0.01301786	0.01940787	0.05819610	0.07486449	0.00712932	0.00748890	0.00093549	0.00000000	0.02403465	0.00182232	0.00314985	0.00587216	0.00314967	0.00689465	0.07493396	0.01281307	0.00000000	0.07552436	0.00000000	0.00160071	0.01375559	0.02872486	0.00865623	0.01244247	0.00659407	0.00000000
C[C>T]C	0.01739513	0.00227009	0.00838569	0.00833703	0.01965684	0.07836177	0.16418245	0.00434595	0.00888053	0.00188713	0.00255170	0.11915771	0.00000000	0.01040391	0.01091302	0.00259293	0.01405406	0.05625019	0.02234209	0.00117926	0.10975440	0.00000000	0.00152312	0.19962833	0.05676863	0.01053380	0.00589765	0.00857547	0.00000000
C[C>T]G	0.07376009	0.00287344	0.00355126	0.00190053	0.00290234	0.00908695	0.01814293	0.00305199	0.00000000	0.00583604	0.00000000	0.00185630	0.00320601	0.03016924	0.00829094	0.00254551	0.02374032	0.01247949	0.00795517	0.00193262	0.00360466	0.00000000	0.00000000	0.00566402	0.00000000	0.02464783	0.01162169	0.00000000	0.00000000
C[C>T]T	0.01787387	0.00673944	0.02026049	0.01461587	0.02426873	0.06854317	0.12399912	0.01649645	0.01109630	0.00339086	0.00439413	0.08302788	0.00000000	0.01141278	0.00703757	0.00298253	0.01721961	0.18298979	0.02140429	0.00000000	0.15977035	0.00213513	0.00302520	0.13173557	0.09208807	0.00932602	0.01289192	0.01110058	0.00030702
C[T>A]A	0.00441987	0.00000000	0.01118436	0.01051417	0.00318920	0.00063014	0.00212350	0.00925839	0.00762658	0.00032233	0.00243580	0.00012252	0.00079542	0.00011336	0.00000000	0.00252970	0.00000000	0.01085780	0.00041599	0.13513308	0.00328614	0.00071551	0.00027648	0.02406973	0.00010206	0.00026951	0.00137692	0.01248173	0.00000000
C[T>A]C	0.00484181	0.00000000	0.01439939	0.00713849	0.00493199	0.00100658	0.00252468	0.01564332	0.00362127	0.00066928	0.00254911	0.00009067	0.00010696	0.00149927	0.00435671	0.01005014	0.00027653	0.01059134	0.00405453	0.05256038	0.00689136	0.00662961	0.00097431	0.02769966	0.00000000	0.00153698	0.00163862	0.00348849	0.00503421
C[T>A]G	0.00504075	0.00000000	0.01365518	0.02016522	0.00406652	0.00033826	0.00152275	0.01384785	0.00521402	0.00051279	0.00238689	0.00007678	0.00084478	0.00019208	0.00000000	0.00342842	0.00486836	0.00467250	0.00101636	0.15784595	0.00000000	0.00140593	0.00026425	0.02938668	0.00069416	0.00000000	0.00026854	0.01592317	0.00000000
C[T>A]T	0.00775791	0.00000000	0.02171663	0.00872948	0.00331961	0.00272204	0.00774621	0.02330259	0.00687169	0.00165205	0.00333285	0.00000000	0.00000000	0.00143188	0.00000000	0.02887137	0.00952761	0.01628026	0.00349479	0.05814617	0.00000000	0.00251724	0.00131518	0.05533547	0.00000000	0.00000000	0.00496088	0.01117827	0.00112452
C[T>C]A	0.00883544	0.00000000	0.00639885	0.00336005	0.01344443	0.00121240	0.00264275	0.01075969	0.01299995	0.00155310	0.00000000	0.00025396	0.00000000	0.00258065	0.01047235	0.00743975	0.00335785	0.00338804	0.01493302	0.00000000	0.00000000	0.09920954	0.00484540	0.00542474	0.00000000	0.02049885	0.00620289	0.02957238	0.00000000
C[T>C]C	0.01066069	0.00000000	0.01206006	0.00173991	0.01071760	0.00048287	0.00123234	0.02197285	0.00906033	0.00199709	0.00271741	0.00019682	0.00000000	0.00480830	0.01137584	0.03386206	0.00594789	0.00869465	0.01596847	0.00076861	0.00143056	0.04369787	0.00683680	0.01093270	0.00000000	0.00750179	0.00250066	0.00884927	0.01599161
C[T>C]G	0.01255930	0.00000000	0.00254307	0.00364684	0.02190944	0.00022444	0.00156022	0.01148547	0.01111090	0.00204400	0.00523480	0.00006379	0.00000000	0.00375308	0.01431308	0.02147872	0.00216515	0.00075765	0.02873708	0.00000000	0.00281704	0.08580082	0.00399859	0.00230950	0.00014990	0.03391372	0.00439448	0.02233222	0.00462460
C[T>C]T	0.00626419	0.00000000	0.00915171	0.00131212	0.01432175	0.00565137	0.01473458	0.01626982	0.01683939	0.00264260	0.00728114	0.00000000	0.00000000	0.00286648	0.00690718	0.10270963	0.00841179	0.01724673	0.01858544	0.00299942	0.00000000	0.05810556	0.00841366	0.02116001	0.00140840	0.01414999	0.00445239	0.02055163	0.00414936
C[T>G]A	0.00247149	0.00000000	0.00468404	0.00030351	0.00269126	0.00016729	0.00066804	0.00358558	0.01940026	0.00376158	0.01215316	0.00001035	0.00048395	0.00023246	0.00034132	0.00327080	0.00000000	0.00224980	0.00072556	0.00468229	0.00000000	0.00175435	0.01552291	0.00287289	0.00039722	0.00002148	0.00230480	0.00263863	0.00192556
C[T>G]C	0.00193719	0.00000000	0.00491599	0.00040292	0.00506241	0.00053140	0.00145780	0.00398922	0.00598034	0.00165480	0.00232829	0.00000000	0.00066390	0.00109919	0.00268738	0.01823302	0.00000000	0.00065749	0.00287551	0.00201110	0.00000000	0.00642556	0.00850557	0.00061195	0.00024252	0.00294925	0.00071741	0.00300811	0.01118690
C[T>G]G	0.00289929	0.00000000	0.00986835	0.00217728	0.00605829	0.00070399	0.00214223	0.00729832	0.01216068	0.00324324	0.01169590	0.00000000	0.00040331	0.00067557	0.00305042	0.00873984	0.00196285	0.00000000	0.00346312	0.00553149	0.00000000	0.00422893	0.01347494	0.00516039	0.00359559	0.00268268	0.00261176	0.00385746	0.01456490
C[T>G]T	0.00348297	0.00000000	0.00453861	0.00004599	0.00668665	0.00053305	0.00544627	0.00642959	0.03224459	0.02160336	0.01421916	0.00000000	0.00000000	0.00582445	0.00111513	0.27709708	0.00408386	0.00000000	0.01279191	0.00000000	0.00000000	0.00336401	0.08527201	0.00000000	0.00186353	0.00608368	0.00000000	0.00000000	0.03268822
G[C>A]A	0.01203434	0.00000000	0.01120455	0.04030398	0.01035007	0.00000000	0.00069480	0.01286273	0.00700475	0.00160611	0.00396605	0.00007287	0.00211605	0.00197396	0.00000000	0.00389093	0.09345979	0.00000000	0.00200733	0.00248672	0.00000000	0.00000000	0.00013688	0.01144250	0.00394585	0.00000000	0.02532732	0.01526021	0.00000000
G[C>A]C	0.00653347	0.00000000	0.01333875	0.03210097	0.00737428	0.00000000	0.00007529	0.01158868	0.00742679	0.00220986	0.00503869	0.00000000	0.00152550	0.00796937	0.01116556	0.00145797	0.01640794	0.00000000	0.00675622	0.00239203	0.00000000	0.00000000	0.00138130	0.03321061	0.00179480	0.00115535	0.00673951	0.00375536	0.00000000
G[C>A]G	0.00178422	0.00000000	0.00145350	0.01071224	0.00215775	0.00000000	0.00003206	0.00146508	0.00000000	0.00015650	0.00000000	0.00000000	0.00031596	0.00054173	0.00140274	0.00010523	0.00448897	0.00000000	0.00062195	0.00000000	0.00000000	0.00000000	0.00004150	0.00022719	0.00055095	0.00042781	0.00179318	0.00251984	0.00000000
G[C>A]T	0.00993931	0.00000000	0.01280788	0.02878112	0.00614128	0.00019740	0.00000000	0.01444068	0.00397931	0.01314587	0.01482502	0.00000000	0.00175060	0.04792574	0.01979201	0.00279563	0.04119112	0.00000000	0.03627067	0.00270197	0.00674110	0.00000000	0.00223412	0.00470348	0.00226420	0.00518961	0.01574987	0.00537412	0.03024602
G[C>G]A	0.00161699	0.00000000	0.00826454	0.00661360	0.00444591	0.00005994	0.00032963	0.00500040	0.00248414	0.00042959	0.00000000	0.00000000	0.00240273	0.00043193	0.00000000	0.00066999	0.00461419	0.00000000	0.00019179	0.00055997	0.00000000	0.00000000	0.00000000	0.00223583	0.00058449	0.00000000	0.00080840	0.00894153	0.00000000
G[C>G]C	0.00282335	0.00000000	0.00818470	0.00470097	0.00519282	0.00022860	0.00053418	0.00489841	0.00299591	0.00027033	0.00000000	0.00004809	0.00174487	0.00026622	0.00120183	0.00108807	0.00747729	0.00267709	0.00067784	0.00000000	0.00000000	0.00000000	0.00036585	0.02483595	0.00066770	0.00014529	0.00000000	0.00293972	0.00000000
G[C>G]G	0.00069917	0.00000000	0.00166885	0.00224573	0.00160053	0.00008280	0.00030846	0.00096735	0.00000000	0.00000454	0.00000000	0.00001190	0.00026235	0.00001331	0.00008870	0.00007552	0.00083276	0.00023535	0.00004034	0.00024505	0.00000000	0.00011221	0.00000295	0.00000000	0.00007778	0.00000000	0.00000000	0.00251833	0.00018449
G[C>G]T	0.00291613	0.00000000	0.01372809	0.00490989	0.00694747	0.00029263	0.00053502	0.00690130	0.00470061	0.00032136	0.00000000	0.00007109	0.00436154	0.00028223	0.00000000	0.00116126	0.00467670	0.00028931	0.00036593	0.00000000	0.00000000	0.00000000	0.00003650	0.00584708	0.00047631	0.00000000	0.00272406	0.00615802	0.00000000
G[C>T]A	0.01455550	0.00261401	0.01312115	0.00506419	0.02054602	0.00079470	0.00024413	0.00748031	0.00652509	0.00553203	0.00000000	0.02653899	0.00093038	0.03338377	0.06065048	0.00228502	0.00980437	0.04190569	0.04141340	0.00000000	0.03744885	0.00009316	0.00000000	0.00199575	0.02666787	0.06605709	0.00820208	0.01644236	0.01272334
G[C>T]C	0.01218614	0.00000000	0.00733049	0.00332114	0.02303573	0.01439467	0.01223414	0.00467306	0.00754102	0.01446485	0.00449638	0.10148322	0.00000000	0.05816362	0.12293432	0.00219050	0.01108037	0.03045643	0.04836884	0.00000000	0.11617520	0.00433626	0.00103314	0.02083212	0.03773420	0.05570091	0.00470734	0.00437352	0.07627093
G[C>T]G	0.08657058	0.00000000	0.00000000	0.00000000	0.00339251	0.00000000	0.00000000	0.00639562	0.00743504	0.01819332	0.00000000	0.00220941	0.00000000	0.10252187	0.18911185	0.00421533	0.01160572	0.00375180	0.01985330	0.00000000	0.02416645	0.00939975	0.00000000	0.00000000	0.00000000	0.04944709	0.00161024	0.00000000	0.17495320
G[C>T]T	0.01381179	0.00000000	0.01245165	0.00558429	0.01869653	0.01407121	0.00384156	0.00985308	0.01041957	0.01648929	0.00577501	0.07154459	0.00000000	0.04725846	0.08351686	0.00217825	0.01251052	0.07962268	0.03453774	0.00000000	0.15778472	0.00555793	0.00582555	0.00314307	0.08593425	0.04731403	0.00870912	0.01134943	0.05074872
G[T>A]A	0.00103471	0.00000000	0.00668268	0.00646790	0.00320105	0.00059336	0.00132882	0.00655855	0.00733457	0.00032641	0.00000000	0.00012268	0.00008325	0.00017846	0.00041621	0.00035499	0.00246427	0.00478406	0.00130533	0.05385771	0.00000000	0.00000000	0.00000000	0.00299930	0.00197212	0.00209987	0.00407081	0.01044480	0.00000000
G[T>A]C	0.00100275	0.00000000	0.00598358	0.00237563	0.00271497	0.00025245	0.00051536	0.00633414	0.00508596	0.00061579	0.00000000	0.00016204	0.00057263	0.00144274	0.00866728	0.00252860	0.00197927	0.00136768	0.00587347	0.00781314	0.00000000	0.00000000	0.00058005	0.00302235	0.00061867	0.00215308	0.00383649	0.00189462	0.00000000
G[T>A]G	0.00228376	0.00000000	0.00818551	0.00817111	0.00358044	0.00040229	0.00104945	0.00797183	0.00325090	0.00011606	0.00000000	0.00011196	0.00019296	0.00018369	0.00084221	0.00114794	0.00000000	0.00293977	0.00134634	0.03113048	0.00000000	0.00000000	0.00000000	0.00237107	0.00369479	0.00159978	0.00329827	0.01065786	0.00000000
G[T>A]T	0.00357721	0.00000000	0.01342511	0.00337061	0.00284538	0.00143803	0.00215748	0.01320375	0.00573882	0.00100936	0.00817925	0.00015555	0.00000000	0.00135254	0.00000000	0.00642595	0.00628260	0.00455409	0.00475157	0.00842290	0.00000000	0.00000000	0.00058206	0.00249161	0.00000000	0.00197377	0.01051225	0.00592277	0.00000000
G[T>C]A	0.00731697	0.00000000	0.00308317	0.00191620	0.01433361	0.00007268	0.00092504	0.01344802	0.01441849	0.01041068	0.00000000	0.00041741	0.00000000	0.02492466	0.00926783	0.00307494	0.00278822	0.01452209	0.00621388	0.00000000	0.00089846	0.08603304	0.02498116	0.00305178	0.00069294	0.03616811	0.00785143	0.02636584	0.03674943
G[T>C]C	0.00571225	0.00000000	0.00480420	0.00050803	0.00799078	0.00000000	0.00027549	0.01221929	0.01182506	0.00928117	0.00275755	0.00000000	0.00123172	0.01989238	0.03308880	0.00738330	0.00693913	0.01207502	0.00440234	0.00000000	0.00000000	0.02421595	0.02628851	0.02017300	0.00121376	0.00907502	0.00310870	0.00146853	0.10188404
G[T>C]G	0.00510334	0.00000000	0.00141138	0.00108585	0.01582743	0.00000000	0.00095381	0.01024598	0.01033268	0.00536369	0.00608535	0.00000000	0.00000000	0.01341348	0.01232892	0.00596335	0.00267198	0.00974262	0.01480343	0.00000000	0.00510334	0.04371216	0.01699424	0.00146358	0.00323110	0.02190271	0.00571847	0.01788185	0.03672311
G[T>C]T	0.00962782	0.00000000	0.00696132	0.00001278	0.01359855	0.00900609	0.01504920	0.01348960	0.01410890	0.01500395	0.00323579	0.00000000	0.00000000	0.01812785	0.00216705	0.01046909	0.01164376	0.04241536	0.00842402	0.00000000	0.01217078	0.04204848	0.04231741	0.00381777	0.00085548	0.02093103	0.01705543	0.01485837	0.02554053
G[T>G]A	0.00165659	0.00000000	0.00398304	0.00042142	0.00283353	0.00025554	0.00064693	0.00150490	0.00759826	0.00110231	0.00155810	0.00000000	0.00037871	0.00030501	0.00020427	0.00133774	0.00199891	0.00054525	0.00037504	0.00251173	0.00000000	0.00000000	0.00612864	0.00131562	0.00042483	0.00000000	0.00330202	0.00176289	0.00203868
G[T>G]C	0.00106311	0.00000000	0.00232465	0.00021713	0.00196806	0.00012410	0.00032644	0.00209907	0.00493562	0.00168839	0.00219231	0.00000000	0.00032424	0.00212062	0.00230923	0.00444907	0.00063603	0.00075498	0.00128356	0.00051181	0.00134642	0.00184318	0.01001012	0.00340566	0.00019193	0.00033068	0.00161285	0.00021758	0.01841049
G[T>G]G	0.00130414	0.00000000	0.00645132	0.00135634	0.00532323	0.00110778	0.00073691	0.00611903	0.00513359	0.00093172	0.00262848	0.00003657	0.00059162	0.00129318	0.00386486	0.00282082	0.00529231	0.00008750	0.00135183	0.00212442	0.00372101	0.00117710	0.00606084	0.00202198	0.00306519	0.00000000	0.00141043	0.00291154	0.01986902
G[T>G]T	0.00309216	0.00000000	0.00542936	0.00057086	0.00246600	0.00181000	0.00330617	0.00378199	0.01814320	0.00545550	0.00511143	0.00000000	0.00064021	0.00537642	0.01309445	0.06569883	0.00398065	0.00000000	0.01198425	0.00083085	0.00454465	0.00034899	0.02913582	0.00033906	0.00017698	0.00261470	0.00470577	0.00273695	0.11595645
T[C>A]A	0.00869759	0.01990414	0.01580722	0.05124998	0.00639025	0.00000000	0.00356942	0.01545874	0.02745818	0.03464264	0.24669011	0.00000000	0.04572147	0.00168332	0.00000000	0.00409046	0.06985555	0.00000000	0.00000000	0.00098491	0.00000000	0.00149483	0.00042409	0.00651100	0.00809511	0.00000000	0.01923085	0.02018476	0.00000000
T[C>A]C	0.00421676	0.00573796	0.01896413	0.05103289	0.00924749	0.00217043	0.00743653	0.01209151	0.00314392	0.01001959	0.01555322	0.00020990	0.01859196	0.01049534	0.00278528	0.00226656	0.03652169	0.00000000	0.00723437	0.00138787	0.00683732	0.00000000	0.00000000	0.00965453	0.00540771	0.00052973	0.01259925	0.02072874	0.00115619
T[C>A]G	0.00125231	0.00119058	0.00154951	0.00792260	0.00180207	0.00004602	0.00043772	0.00068681	0.00091700	0.00133580	0.00892669	0.00000940	0.00324380	0.00013347	0.00024488	0.00042927	0.00328072	0.00000000	0.00004543	0.00000000	0.00000000	0.00000000	0.00000000	0.00000289	0.00091595	0.00000000	0.00242462	0.00451366	0.00000000
T[C>A]T	0.01364556	0.01010801	0.02350308	0.05741382	0.01199802	0.00081271	0.00385351	0.01982150	0.04332898	0.31754542	0.25389511	0.00000000	0.02365574	0.08009898	0.00516599	0.00691706	0.09415823	0.00000000	0.02991390	0.00000000	0.00352632	0.00000000	0.00000000	0.00000000	0.00735303	0.00907803	0.03173938	0.01646567	0.00000000
T[C>G]A	0.00258534	0.03732739	0.00000000	0.00434242	0.00905780	0.00000000	0.00125892	0.01078885	0.00179866	0.00000000	0.00000000	0.00010384	0.32720282	0.00003609	0.00000000	0.00567592	0.00035188	0.00000000	0.00000000	0.00000000	0.00000000	0.00000000	0.00000000	0.00303762	0.00104845	0.00011139	0.00456677	0.00840798	0.00000000
T[C>G]C	0.00221649	0.00313926	0.01624868	0.00635528	0.00769439	0.00078717	0.00239553	0.00793686	0.00245633	0.00000244	0.00000000	0.00016406	0.07153682	0.00002718	0.00000000	0.00206426	0.00338824	0.00000000	0.00002451	0.00112462	0.00000000	0.00000000	0.00009805	0.00236824	0.00070001	0.00000000	0.00352783	0.01357679	0.00000000
T[C>G]G	0.00087445	0.00000000	0.00198593	0.00144788	0.00186135	0.00012979	0.00048812	0.00146814	0.00000000	0.00000000	0.00000000	0.00001764	0.01531026	0.00000000	0.00000000	0.00037990	0.00146319	0.00000000	0.00000000	0.00000000	0.00000000	0.00000000	0.00000000	0.00035413	0.00032790	0.00000000	0.00049488	0.00284477	0.00000000
T[C>G]T	0.00850200	0.08225231	0.03048209	0.00634435	0.01416763	0.00109134	0.00421159	0.01499446	0.00524060	0.00000000	0.00000000	0.00027271	0.35543254	0.00005299	0.00000000	0.00838740	0.01567384	0.00000000	0.00000000	0.00000000	0.00922317	0.00000000	0.00000000	0.00637085	0.00229604	0.00000000	0.00914825	0.01450693	0.00000000
T[C>T]A	0.01087627	0.44265008	0.00000000	0.00394138	0.02316615	0.16713141	0.00000000	0.00790431	0.00128879	0.00402575	0.00099602	0.03515298	0.05649713	0.00648486	0.01080904	0.00856860	0.00773831	0.02318154	0.00654903	0.00000000	0.01511275	0.00000000	0.00282356	0.00400482	0.02502950	0.00760750	0.01936391	0.01782474	0.00304712
T[C>T]C	0.01040712	0.08886275	0.01198865	0.00181240	0.02417389	0.28616903	0.13356381	0.00667352	0.00825171	0.01347267	0.00521223	0.16459989	0.00000000	0.01941520	0.01452951	0.00517097	0.00468742	0.01252752	0.00869050	0.00000000	0.04307729	0.00098338	0.00169285	0.01847934	0.00861086	0.00764984	0.01373476	0.00760695	0.00357439
T[C>T]G	0.04649575	0.04253096	0.00000000	0.00000000	0.00260831	0.05778842	0.02651723	0.00278469	0.00347897	0.05720883	0.00000000	0.00407971	0.00735332	0.02680848	0.00531792	0.00240728	0.01322470	0.00299189	0.00000000	0.00000000	0.00236574	0.00000000	0.00806479	0.00000000	0.00000000	0.01224750	0.00372369	0.00108184	0.00000000
T[C>T]T	0.02108003	0.23596909	0.01212276	0.00839755	0.02355739	0.11034266	0.10855596	0.01326652	0.00844024	0.03745872	0.00067555	0.12407765	0.00000000	0.02345135	0.01483491	0.00744633	0.00455665	0.03825914	0.00489317	0.00000000	0.02173706	0.00000000	0.00000000	0.01222011	0.10907759	0.00677341	0.01879176	0.01933785	0.00000000
T[T>A]A	0.00962435	0.00000000	0.01065072	0.00657036	0.00694747	0.00229219	0.00712522	0.01398247	0.02653413	0.00197479	0.01096535	0.00040189	0.00000000	0.00069263	0.00440543	0.00791356	0.01276184	0.01755134	0.00190740	0.10051472	0.00000000	0.00290545	0.00122684	0.00423345	0.00000000	0.01148250	0.01824927	0.01293867	0.00454389
T[T>A]C	0.00317430	0.00000000	0.00935450	0.00304482	0.00372271	0.00216270	0.00600485	0.01386108	0.00389396	0.00135634	0.00390538	0.00016743	0.00113069	0.00116623	0.00281332	0.00303837	0.00185294	0.00937160	0.00199714	0.02439341	0.00342666	0.00105285	0.00078582	0.00273089	0.00010162	0.00052099	0.00818961	0.00469577	0.00405533
T[T>A]G	0.00250025	0.00000000	0.00752220	0.00680601	0.00435106	0.00090664	0.00340200	0.00792377	0.01188876	0.00096831	0.00000000	0.00008329	0.00050516	0.00011929	0.00000000	0.00135009	0.00000000	0.00581020	0.00049245	0.07247879	0.00540997	0.00000000	0.00000000	0.00180851	0.00069686	0.00103005	0.00261542	0.00879262	0.00000000
T[T>A]T	0.01471954	0.00000000	0.02304117	0.00480235	0.00906965	0.01504317	0.04251983	0.02186051	0.02089360	0.00778702	0.00456269	0.00053946	0.00000000	0.00274024	0.00793795	0.01328867	0.01357269	0.01437182	0.00361961	0.04320823	0.00000000	0.00066631	0.00104560	0.00613710	0.00370539	0.01436103	0.03769884	0.01972111	0.00000000
T[T>C]A	0.00749953	0.00000000	0.00980045	0.00157239	0.01881508	0.00511054	0.01099764	0.01625241	0.01981526	0.00755909	0.00815038	0.00032902	0.00000000	0.00736024	0.00357156	0.00770739	0.00407133	0.00256148	0.01160110	0.00000000	0.00251458	0.08604846	0.01696864	0.00484939	0.00122265	0.03043489	0.01630617	0.02901180	0.00000000
T[T>C]C	0.00823498	0.00000000	0.00873522	0.00080480	0.00937790	0.00184715	0.00517596	0.02237842	0.01781931	0.00720091	0.00985852	0.00021390	0.00034206	0.00734620	0.02748093	0.00941153	0.01010316	0.01484899	0.01030535	0.00000000	0.00000000	0.02627367	0.01683507	0.00493430	0.00000000	0.01519967	0.00470556	0.00796889	0.06807783
T[T>C]G	0.00655799	0.00000000	0.00507303	0.00045383	0.01311247	0.00192588	0.00693292	0.01092357	0.01059860	0.00494400	0.00645566	0.00000000	0.00000000	0.00512085	0.00883852	0.00570270	0.00599752	0.00283548	0.01300888	0.00000000	0.00471100	0.03146260	0.01088050	0.00001609	0.00042508	0.02433661	0.00512876	0.01643643	0.00000000
T[T>C]T	0.00943795	0.00000000	0.01070568	0.00029269	0.01995324	0.00485325	0.01733110	0.01950098	0.03450094	0.01192795	0.01304673	0.00000000	0.00000000	0.00735900	0.02914990	0.01534076	0.00735468	0.03123509	0.01571303	0.00000000	0.00000000	0.04468656	0.02999765	0.00474603	0.00067613	0.02668874	0.05944693	0.01915728	0.00082779
T[T>G]A	0.00407522	0.00000000	0.00802573	0.00052505	0.00545365	0.00115906	0.00468559	0.00510063	0.04288544	0.01067071	0.03995495	0.00000579	0.00041852	0.00015265	0.00000000	0.00577355	0.00231216	0.00063311	0.00000000	0.00557024	0.00017620	0.00026632	0.02460275	0.00445615	0.00089420	0.00000000	0.00977914	0.00790593	0.00000000
T[T>G]C	0.00136831	0.00000000	0.00489003	0.00011353	0.00707789	0.00126967	0.00501215	0.00408310	0.00834150	0.00706647	0.00283345	0.00000000	0.00064728	0.00189194	0.00054320	0.00666677	0.00036465	0.00099806	0.00000000	0.00120008	0.00000000	0.00071207	0.02140262	0.00000000	0.00072856	0.00003339	0.00539292	0.00326822	0.00301206
T[T>G]G	0.00369205	0.00000000	0.00866839	0.00187873	0.00745727	0.00099741	0.00367413	0.00683483	0.01058734	0.00288300	0.00433589	0.00008378	0.00000000	0.00039150	0.00199719	0.00438510	0.00314931	0.00038125	0.00020387	0.00551718	0.00000000	0.00069591	0.00770270	0.00637934	0.00283276	0.00094498	0.00162420	0.00791151	0.00238975
T[T>G]T	0.00872735	0.00000000	0.01286935	0.00039678	0.01391866	0.00197796	0.01378499	0.00896982	0.05451656	0.11451688	0.03121385	0.00000000	0.00000000	0.01160105	0.01375167	0.08745805	0.01004674	0.00000000	0.00000000	0.00475474	0.00000000	0.00343929	0.28770208	0.00432031	0.00074667	0.00681378	0.04215860	0.01018051	0.01269821
